223 79 53 115 142 29 4 40 50 16 13 109 10 85 130 7 18 71 83 79
118 259 66 165 77 19 8 43 46 9 11 70 11 65 88 4 31 59 58 119
27 39 958 117 43 27 13 46 16 4 4 16 4 3 16 119 169 12 1 110
52 65 85 804 63 38 30 110 53 10 4 15 6 17 22 5 30 9 39 152
150 64 58 129 238 36 8 45 53 12 15 89 15 45 154 0 17 114 145 110
17 9 22 31 24 411 52 213 284 6 11 9 56 4 15 0 6 26 27 32
6 4 11 43 15 104 165 423 218 10 4 4 54 2 8 3 9 7 11 19
13 20 35 72 20 163 128 1442 383 56 5 17 60 7 23 12 13 16 16 45
17 15 16 62 21 256 95 428 726 33 17 14 120 5 32 6 6 14 17 44
12 7 11 25 18 27 2 218 106 153 10 12 18 2 14 5 3 3 11 9
5 7 8 12 10 13 0 11 25 6 791 16 14 13 16 1 0 39 6 15
144 89 42 65 118 39 5 43 57 9 25 162 9 63 130 8 21 97 70 82
8 11 13 23 6 131 51 215 393 7 12 8 196 2 8 1 4 7 7 30
140 91 20 96 66 27 6 26 41 12 16 80 8 125 74 1 16 90 94 39
154 49 34 63 142 46 5 49 62 9 16 82 12 40 312 3 8 69 99 124
1 2 150 3 4 1 3 8 2 1 0 3 0 0 5 789 90 4 0 6
22 19 303 52 16 9 2 34 6 3 1 10 6 3 6 131 388 20 1 20
24 29 17 31 49 41 2 13 9 3 24 46 3 30 36 4 16 1029 326 49
55 43 14 53 84 46 6 32 17 5 15 47 4 48 61 2 10 435 447 73
41 61 134 195 80 55 16 83 55 9 14 32 5 15 87 7 19 61 58 423
