1077 12 15 14 12 3 6 37 26 4 9 9 10 5 26 16 7 12 11 4
9 1028 23 10 7 9 6 40 21 5 8 13 16 11 15 23 11 29 15 11
29 12 1381 32 11 8 15 41 36 12 4 7 13 5 23 21 6 28 24 20
15 9 36 1193 16 8 5 71 26 6 10 19 13 8 22 6 4 26 26 17
10 9 13 13 1184 8 5 29 22 6 7 12 13 13 4 16 10 21 19 12
6 5 7 11 13 1003 6 54 19 4 2 9 9 12 6 22 12 30 15 7
5 4 14 11 8 5 855 29 8 9 10 8 14 4 18 12 15 18 14 15
13 17 30 30 19 14 5 2218 27 8 11 7 11 17 8 13 19 39 22 17
11 9 23 25 23 9 15 41 1587 5 8 11 9 8 16 16 12 31 12 18
11 8 13 10 8 4 10 18 10 513 3 7 1 6 2 5 2 17 4 9
13 3 8 11 7 10 10 48 15 11 661 3 5 6 17 9 4 12 13 15
16 14 6 27 14 7 5 23 24 7 8 974 2 6 14 8 6 18 12 11
13 4 21 10 17 6 8 34 17 5 2 6 875 3 5 16 6 18 6 9
17 5 13 21 17 5 10 31 13 3 3 7 9 868 13 9 6 26 18 9
16 12 12 10 9 8 8 25 12 3 10 11 9 10 1093 17 8 18 12 19
13 15 17 18 16 14 5 35 31 8 4 4 9 3 12 725 17 17 16 19
10 11 11 14 21 8 7 34 20 5 3 5 10 5 25 6 841 27 13 14
15 29 20 17 24 16 13 69 26 9 4 20 9 14 14 14 16 1374 15 23
15 16 33 25 21 9 5 45 23 5 3 14 5 17 21 19 14 19 1153 13
17 14 16 26 16 9 18 45 23 2 7 10 7 9 15 11 8 25 15 1084
