1098 18 26 5 8 6 6 18 19 2 13 5 8 6 9 5 8 25 18 12
11 1090 20 12 7 5 3 28 26 7 10 3 7 12 9 3 5 20 24 8
9 16 1446 23 7 12 9 26 29 5 21 14 12 12 16 6 4 30 15 16
16 14 42 1232 16 8 10 32 28 10 8 6 7 9 12 10 12 35 12 17
6 12 16 23 1187 6 5 35 15 3 10 6 12 5 14 4 8 18 24 17
4 16 20 14 11 1060 3 20 10 2 11 1 7 6 12 4 11 14 13 13
6 7 21 17 6 6 886 22 7 3 12 10 4 1 6 2 14 22 14 10
8 20 47 31 17 10 10 2164 29 9 14 15 19 8 22 14 13 49 14 32
10 16 15 19 10 10 4 29 1650 7 4 2 6 9 14 4 17 32 16 15
2 4 7 8 5 3 2 9 6 564 1 5 0 2 8 3 7 7 11 7
1 11 14 1 3 9 10 15 6 1 725 7 7 12 2 6 10 18 10 13
9 14 20 23 5 10 8 21 13 5 5 993 11 5 9 4 6 25 12 4
3 10 11 9 9 5 1 19 16 3 3 8 917 8 3 8 6 18 13 11
5 12 19 17 8 6 9 22 15 1 3 2 5 927 5 5 7 12 15 8
9 17 15 8 16 10 6 28 20 4 6 11 8 9 1103 7 7 17 14 7
5 12 21 19 9 8 3 24 14 6 19 6 13 10 5 762 10 20 16 16
6 9 17 8 11 12 13 27 22 6 10 6 3 11 11 4 860 28 17 9
8 19 22 23 4 10 7 43 25 6 11 7 10 14 18 9 9 1452 25 19
13 21 17 9 18 14 12 37 18 2 5 7 10 8 4 6 12 27 1226 9
12 15 19 16 14 11 15 25 13 5 9 3 8 16 17 10 9 15 15 1130
