1125 7 28 8 10 10 7 18 5 2 3 6 12 9 13 9 16 12 7 8
14 1097 27 9 9 7 10 19 15 6 10 4 6 5 7 5 15 21 11 13
8 19 1475 15 8 13 18 35 15 1 10 12 9 4 10 12 14 29 8 13
15 7 29 1264 12 15 10 25 15 6 9 9 11 7 17 10 10 33 14 18
12 7 28 8 1194 8 9 28 16 2 1 11 11 7 11 6 11 26 15 15
3 10 9 6 6 1106 6 22 15 4 7 11 5 2 1 4 4 17 8 6
2 5 11 8 2 8 929 10 9 2 2 5 5 4 9 11 13 23 8 10
13 19 40 18 10 16 12 2222 28 4 5 13 11 16 20 15 17 33 12 21
7 8 27 11 13 13 17 39 1633 4 3 6 5 7 13 11 11 31 17 13
9 7 11 4 4 10 2 9 7 553 4 2 1 3 5 5 4 13 5 3
0 8 10 8 4 7 11 16 6 3 736 6 3 3 7 8 5 24 5 11
3 9 23 11 8 6 14 8 8 4 3 1033 8 4 10 11 4 14 12 9
2 5 12 12 7 11 6 19 7 1 5 8 928 3 6 7 1 15 10 16
17 9 12 7 13 8 16 21 8 15 2 3 7 917 8 12 2 12 8 6
6 15 23 1 11 6 7 17 20 3 3 12 6 6 1127 9 11 22 8 9
4 9 11 9 4 5 5 10 3 3 6 6 6 2 6 860 9 18 10 12
4 10 18 10 3 4 8 19 11 7 4 5 8 3 13 15 917 12 10 9
7 17 16 12 6 11 19 33 11 4 4 14 6 5 10 16 13 1516 8 13
13 14 28 11 13 18 16 21 15 6 4 10 4 11 7 10 4 30 1227 13
14 10 27 4 7 10 11 27 9 4 2 10 7 5 12 5 11 18 13 1171
