1084 9 9 13 13 9 9 23 23 1 8 8 6 4 15 22 14 27 6 12
11 1027 23 12 17 10 18 30 20 7 11 9 10 8 17 9 21 26 10 14
29 7 1361 19 27 16 15 48 25 6 12 18 10 11 17 21 13 41 17 15
19 10 22 1229 20 10 9 37 19 5 4 12 4 8 11 18 11 39 21 28
16 12 15 18 1165 12 11 31 18 5 8 3 4 3 9 15 12 26 24 19
14 8 12 6 13 1025 11 28 23 0 2 4 10 7 12 29 10 11 13 14
13 8 17 15 3 5 880 25 13 3 6 7 2 4 8 15 7 19 11 15
21 17 29 22 20 20 16 2158 31 7 16 13 11 4 14 33 24 48 16 25
12 7 28 24 20 17 19 32 1590 1 12 13 5 2 14 12 9 35 17 20
14 11 9 8 6 5 5 22 12 507 6 2 5 2 11 9 4 7 7 9
7 10 12 8 5 4 8 21 14 3 704 7 4 3 17 9 4 14 9 18
14 6 13 12 8 6 19 32 20 5 8 987 6 4 6 4 14 19 10 9
10 9 15 15 18 6 11 23 19 4 5 8 845 8 10 15 10 27 15 8
19 12 14 16 13 11 17 22 16 1 3 6 4 869 10 17 7 25 8 13
14 8 9 9 13 3 14 21 21 5 12 6 6 6 1090 21 11 27 13 13
18 10 11 15 17 12 13 37 23 4 5 1 11 7 18 713 15 27 19 22
10 20 21 19 14 9 12 22 14 7 10 4 7 3 8 14 840 32 14 10
21 11 19 14 21 10 12 44 23 7 2 10 4 7 17 25 19 1435 19 21
19 10 25 19 30 8 9 35 24 2 10 14 7 9 14 23 7 28 1162 20
17 16 17 17 15 15 18 36 18 5 3 10 6 12 19 30 5 24 13 1081
