1147 17 15 12 9 3 8 16 6 3 3 6 3 13 6 11 11 11 10 5
16 1124 21 12 13 8 5 7 10 4 4 8 9 10 8 9 14 16 4 8
21 13 1494 16 11 7 12 19 13 5 12 5 9 12 12 11 9 23 10 14
15 14 31 1291 10 6 6 25 19 4 11 7 9 7 4 16 19 18 11 13
13 7 11 8 1245 4 4 18 11 5 6 6 10 9 6 4 18 11 18 12
10 15 13 10 5 1067 4 24 13 3 21 5 9 7 8 6 9 13 5 5
9 13 12 8 8 5 931 12 9 5 2 5 5 3 5 6 7 16 7 8
21 30 32 25 19 14 12 2194 25 6 13 10 14 17 6 14 23 37 17 16
27 15 19 20 10 8 8 19 1641 7 4 5 2 23 7 11 16 20 15 12
2 7 10 5 4 2 2 2 9 578 5 3 1 5 6 3 4 4 4 5
0 3 8 6 11 8 9 15 1 3 750 2 3 17 6 7 9 6 10 7
16 13 18 6 11 5 6 13 13 8 6 1009 5 13 8 6 11 15 13 7
8 11 9 10 12 2 6 14 11 5 6 5 922 12 10 5 8 15 6 4
8 11 8 14 6 3 6 17 11 1 5 4 3 966 5 8 1 9 11 6
8 12 17 13 11 7 5 17 6 4 5 9 2 10 1144 12 17 15 5 3
9 10 10 13 9 4 5 9 5 0 4 7 6 12 7 860 7 7 12 2
11 5 9 11 9 4 3 18 8 1 5 5 8 8 6 5 943 12 8 11
16 14 16 17 14 10 7 34 18 5 9 7 8 9 12 10 12 1493 16 14
19 10 14 12 15 7 7 14 16 3 12 8 2 12 14 11 15 18 1255 11
14 14 22 14 18 9 3 24 14 9 9 2 2 10 8 6 15 15 14 1155
