183 128 46 81 88 26 4 36 30 22 19 125 15 82 208 1 24 67 100 71
98 312 59 124 52 15 3 35 31 11 13 88 11 77 140 1 26 56 55 119
31 55 858 92 29 25 7 44 5 16 4 36 14 7 35 116 213 18 3 136
56 118 86 692 57 37 9 88 36 31 12 25 14 33 57 2 55 26 49 126
140 87 46 82 157 40 9 41 38 18 24 104 14 48 246 3 20 105 161 114
17 16 25 28 14 365 24 244 245 28 15 17 77 11 36 1 8 21 25 38
19 19 15 47 11 96 81 448 182 25 4 6 88 10 9 0 8 12 15 25
25 37 30 72 28 145 69 1336 323 131 14 27 121 7 42 9 19 21 16 74
25 45 16 68 20 226 40 440 598 81 26 25 186 12 50 5 5 11 22 43
14 16 9 17 6 20 4 141 89 219 16 18 18 9 25 4 6 5 13 17
6 11 7 3 5 7 0 13 14 12 811 12 11 13 20 0 1 39 11 12
113 102 32 53 73 30 8 28 35 18 29 195 14 84 198 12 15 96 82 61
18 20 18 21 6 115 28 238 305 26 14 7 244 6 19 1 6 2 12 27
97 111 18 64 47 25 1 21 30 15 23 118 12 136 96 1 14 92 108 39
119 92 30 51 87 29 4 39 40 24 16 93 10 70 391 2 8 59 114 100
1 2 138 2 4 5 4 7 2 3 0 7 0 0 8 766 107 4 1 11
10 31 292 46 12 5 1 23 8 10 1 17 5 2 8 112 405 29 3 32
28 41 16 23 35 40 3 16 6 3 37 44 6 46 55 2 22 992 320 46
42 50 10 43 65 55 0 25 15 6 19 42 9 59 104 1 15 434 436 67
40 92 131 160 58 40 7 73 38 20 15 43 12 26 147 11 21 60 75 381
