1152 4 9 11 9 6 11 14 9 2 3 9 7 4 11 13 5 18 11 7
19 1102 14 15 11 5 9 16 22 4 5 9 5 3 6 5 3 25 17 15
12 12 1427 31 17 16 10 24 29 3 13 17 8 5 9 13 5 43 21 13
16 19 13 1294 11 13 5 22 19 2 10 14 12 5 11 7 6 26 22 9
16 7 12 12 1245 9 5 17 9 2 10 8 11 5 3 5 2 17 19 12
5 7 10 8 6 1090 4 23 11 0 8 10 5 5 5 4 7 21 16 7
8 9 8 16 13 7 922 25 14 0 1 1 5 4 4 6 2 15 13 3
21 22 39 28 19 11 14 2176 30 3 16 18 6 12 15 11 4 45 37 18
14 8 15 12 17 13 7 30 1669 0 8 11 5 7 7 5 4 20 23 14
6 10 8 7 4 3 6 6 9 548 1 4 0 6 8 2 2 13 11 7
7 3 6 2 8 14 2 15 6 2 745 11 4 5 0 4 5 21 12 9
13 8 9 12 8 10 6 18 12 0 2 1036 5 5 2 3 6 25 14 8
16 3 10 13 9 8 3 20 8 2 4 9 912 6 1 6 5 19 13 14
5 12 4 12 14 11 10 20 11 3 3 6 3 922 7 7 7 20 18 8
16 14 9 11 17 17 6 16 20 4 5 12 4 7 1095 7 10 21 21 10
9 3 9 10 12 6 9 9 14 3 3 9 8 3 1 856 2 18 9 5
8 10 11 12 16 7 5 22 18 0 7 9 10 3 11 5 880 18 23 15
11 15 15 12 19 9 4 24 16 0 3 14 8 4 6 8 4 1529 26 14
11 15 15 14 14 10 6 19 17 0 7 11 2 8 9 8 10 24 1264 11
15 14 16 22 20 9 6 29 15 1 6 5 9 6 10 4 12 26 23 1129
